1318
1318
1318
3376
3376
3376
1072
1072
1072
1071
1071
1071
1092
1092
1092
2484
2484
2484
2341
2341
2341
2342
2342
2342
2343
2343
2343
2581
2581
2581
19057
19057
1156
1156
1156
2608
2608
2608
2610
2610
2610
2612
2612
2612
2614
2614
2614
2616
2616
2616
2618
2618
2618
2619
2619
2619
7360
7360
7360
4473
4473
4473
4470
4470
4470
4471
4471
4471
4472
4472
4472
4476
4476
4476
4475
4475
4475
4481
4481
4481
4483
4483
4483
4484
4484
4484
4494
4494
4494
4497
4497
4497
4501
4501
4501
4502
4502
4502
4508
4508
4508
4512
4512
4512
4509
4509
4509
4507
4507
4507
4517
4517
4517
4474
4474
4474
4477
4477
4477
4478
4478
4478
4479
4479
4479
4480
4480
4480
4519
4519
4519
4485
4485
4485
4486
4486
4486
4487
4487
4487
4488
4488
4488
4489
4489
4489
4490
4490
4490
4491
4491
4491
4492
4492
4492
4493
4493
4493
4503
4503
4503
4513
4513
4513
4514
4514
4514
4518
4518
4518
4521
4521
4521
4522
4522
4522
4482
4482
4482
4511
4511
4511
4496
4496
4496
4498
4498
4498
4499
4499
4499
4500
4500
4500
4504
4504
4504
4505
4505
4505
4515
4515
4515
4516
4516
4516
10707
10707
10707
10970
10970
10970
4510
4510
4510
19336
19336
19336
17746
17746
17746
4506
4506
4506
1964
1964
1964
2586
2586
2586
2582
2582
2582
2584
2584
2584
2583
2583
2583
2606
2606
2606
3940
3940
3940
3939
3939
3939
3893
3893
3893
3894
3894
3894
3895
3895
3895
2607
2607
2607
10015
10015
10015
1432
1432
1432
2181
2181
2181
2182
2182
2182
2184
2184
2184
2186
2186
2186
2187
2187
2187
2191
2191
2191
2192
2192
2192
2193
2193
2193
3242
3242
3242
2194
2194
2194
2195
2195
2195
2196
2196
2196
2383
2383
2383
2384
2384
2384
2642
2642
2642
2386
2386
2386
2387
2387
2387
2388
2388
2388
2392
2392
2392
2393
2393
2393
2394
2394
2394
2395
2395
2395
2396
2396
2396
2397
2397
2397
2398
2398
2398
2400
2400
2400
2183
2183
2183
2391
2391
2391
2185
2185
2185
3925
3925
3925
3941
3941
3941
2199
2199
2199
2385
2385
2385
3928
3928
3928
2389
2389
2389
2399
2399
2399
2402
2402
2402
3924
3924
3924
2401
2401
2401
2197
2197
2197
2198
2198
2198
3926
3926
3926
3927
3927
3927
3942
3942
3942
3943
3943
3943
3944
3944
3944
4096
4096
4096
4097
4097
4097
4110
4110
4110
4111
4111
4111
4193
4193
4193
4194
4194
4194
4232
4232
4232
1390
1390
1390
5213
5213
5213
2421
2421
2421
1366
1366
1366
1052
1052
1052
1163
1163
1163
1176
1176
1176
1162
1162
1162
1370
1370
1370
1371
1371
1371
1372
1372
1372
1373
1373
1373
1374
1374
1374
1375
1375
1375
1190
1190
1190
1376
1376
1376
1155
1155
1155
1091
1091
1091
1377
1377
1377
3778
3778
3778
1134
1134
1134
1379
1379
1379
1380
1380
1380
1199
1199
1199
1382
1382
1382
1197
1197
1197
1153
1153
1153
1383
1383
1383
5209
5209
5209
5212
5212
5212
1434
1434
1434
5210
5210
5210
1386
1386
1386
1164
1164
1164
1387
1387
1387
1388
1388
1388
1389
1389
1389
1391
1391
1391
1392
1392
1392
1048
1048
1048
1369
1369
1369
1188
1188
1188
1426
1426
1426
1436
1436
1436
1169
1169
1169
1172
1172
1172
1193
1193
1193
1177
1177
1177
1195
1195
1195
1184
1184
1184
1458
1458
1458
1196
1196
1196
1463
1463
1463
4741
4741
4741
8364
8364
8364
1149
1149
1149
1189
1189
1189
1381
1381
1381
5263
5263
5263
5264
5264
5264
5265
5265
5265
5267
5267
5267
7501
7501
7501
7502
7502
7502
7503
7503
7503
7504
7504
7504
7805
7805
7805
8141
8141
8141
8145
8145
8145
8176
8176
8176
8177
8177
8177
8188
8188
8188
8198
8198
8198
8231
8231
8231
8248
8248
8248
8249
8249
8249
8250
8250
8250
8251
8251
8251
8252
8252
8252
8253
8253
8253
8255
8255
8255
8271
8271
8271
8273
8273
8273
8274
8274
8274
8279
8279
8279
8365
8365
8365
8366
8366
8366
8367
8367
8367
8397
8397
8397
8399
8399
8399
8416
8416
8416
8419
8419
8419
8420
8420
8420
8425
8425
8425
9003
9003
9003
9004
9004
9004
9008
9008
9008
9009
9009
9009
9013
9013
9013
9014
9014
9014
9015
9015
9015
9024
9024
9024
9025
9025
9025
9301
9301
9301
9402
9402
9402
9424
9424
9424
9469
9469
9469
10006
10006
10006
10007
10007
10007
10016
10016
10016
10027
10027
10027
10081
10081
10081
10082
10082
10082
10083
10083
10083
10084
10084
10084
10085
10085
10085
10086
10086
10086
10087
10087
10087
10088
10088
10088
10089
10089
10089
10098
10098
10098
10099
10099
10099
10100
10100
10100
10101
10101
10101
10102
10102
10102
10103
10103
10103
10104
10104
10104
10105
10105
10106
10106
10106
10107
10107
10107
10108
10108
10108
10151
10151
10151
10152
10152
10152
10348
10348
10348
10353
10353
10353
10355
10362
10362
10362
10363
10363
10363
10364
10364
10364
10365
10365
10365
10366
10366
10366
10367
10367
10367
10368
10368
10368
10369
10369
10369
10370
10370
10370
10371
10371
10371
10372
10372
10372
10373
10373
10373
10374
10374
10374
10375
10375
10375
10376
10376
10376
10377
10377
10377
10378
10378
10378
10379
10379
10379
10380
10380
10380
10381
10381
10381
10382
10382
10382
10383
10383
10383
10385
10385
10385
10592
10592
10592
10593
10593
10593
11028
11028
11028
11029
11029
11029
11030
11030
11030
11031
11031
11031
11192
11192
11192
11193
11193
11193
11194
11194
11194
11195
11195
11195
11196
11196
11196
11197
11197
11197
11199
11199
11199
11202
11202
11202
11204
11204
11204
11205
11205
11205
11206
11206
11206
11207
11207
11207
11208
11208
11208
11209
11209
11209
11212
11212
11212
11213
11213
11213
11238
11238
11238
11239
11239
11239
11273
11273
11273
1181
1181
1181
5996
5996
5996
11281
11281
11281
3891
3891
3891
2635
2635
2635
3875
3875
3875
3876
3876
3876
3922
3922
3922
3921
3921
3921
3920
3920
3920
3919
3919
3919
3908
3908
3908
3907
3907
3907
2681
2681
2681
3904
3904
3904
3903
3903
3903
3923
3923
3923
3900
3900
3900
1183
1183
1183
3897
3897
3897
3896
3896
3896
2587
2587
2587
2605
2605
2605
1514
1514
1514
3899
3899
3899
1200
1200
1200
1507
1507
1507
2200
2200
2200
2390
2390
2390
3377
3377
3377
4006
4006
4006
4520
4520
4520
5241
5241
5241
9305
9305
9305
10008
10008
10008
10009
10009
10009
10010
10010
10010
10011
10011
10011
10012
10012
10012
10028
10028
10028
10125
10125
10125
10317
10317
10317
10472
10472
10472
10473
10473
10473
10474
10474
10474
10475
10475
10475
10969
10969
10969
11236
11236
11236
11243
11243
11243
11282
11282
11282
11284
11284
11284
11377
11377
11377
11378
11378
11378
11385
11385
11385
11507
11507
11507
12013
12013
12013
12026
12026
12026
13333
13333
13333
13334
13334
13334
13968
13968
13968
16104
16104
16104
17381
17381
17381
17707
17707
17707
18935
18935
18935
20056
20056
20210
20210
13344
13344
13344
10919
10919
10919
10921
10921
10921
10922
10922
10922
1115
1115
1115
1182
1182
1182
1368
1368
1368
1430
1430
1430
1472
1472
1472
1476
1476
1476
1509
1509
1509
1510
1510
1510
1512
1512
1512
3719
3719
3719
3729
3729
3729
3734
3734
3734
3737
3737
3737
3776
3776
3776
4005
4005
4005
4141
4141
4141
4191
4191
4191
4192
4192
4192
4469
4469
4469
4842
4842
4842
5266
5266
5266
8162
8162
8162
8175
8175
8175
9404
9404
9404
9449
9449
9449
9461
9461
9461
9537
9537
9537
9656
9656
9656
10431
10431
10431
10968
10968
10968
11022
11022
11022
11023
11023
11023
11024
11024
11024
11025
11025
11025
11026
11026
11026
11027
11027
11027
11052
11052
11052
11211
11211
11211
11224
11224
11224
12015
12015
12015
14878
14878
14878
16871
16871
16871
17242
17242
17242
22349
22349
22349
22350
22350
22350
23128
23128
23128
23138
23138
23138
23206
23206
23206
13918
13918
13918
13922
13922
13922
13923
13923
13923
13924
13924
13924
13925
13925
13925
13926
13926
13926
13927
13927
13927
13928
13928
13928
13929
13929
13929
13930
13930
13930
13932
13932
13932
14883
14883
14883
14884
14884
14884
21377
21377
21711
21711
21711
23134
